cam0:
  T_cam_imu:
  - - 0.02079810537579177
    - -0.9997827809300922
    - 0.001352689346689584
    - -0.019282391666587094
  - - -0.32398809757145275
    - -0.008019761506087825
    - -0.9460271645451922
    - -0.007020499072517088
  - - 0.9458325176503546
    - 0.019237317408533294
    - -0.32408451702312935
    - -0.13646235628270134
  - - 0.0
    - 0.0
    - 0.0
    - 1.0
  cam_overlaps: []
  camera_model: pinhole
  distortion_coeffs:
  - -0.024365162968706798
  - -0.00736980689641503
  - 0.017060458132381842
  - -0.01698413284118175
  distortion_model: equidistant
  intrinsics:
  - 1196.1019170559905
  - 1195.9453047468228
  - 743.947443915435
  - 563.475764315019
  resolution:
  - 1440
  - 1080
  rostopic: /cam0/cam0
  timeshift_cam_imu: -8.77246325734602e-05
