#cam0: https://sites.google.com/view/dgbicra2019-vivid
image_width: 640
image_height: 480
camera_name: cam0
distortion_model: plumb_bob
camera_matrix:
  rows: 3
  cols: 3
  data: [531.0787710720505, 0.0, 322.0434384516226, 0.0, 530.9280349280389, 239.58555406488455, 0.0, 0.0, 1.0]
#  T_cam_imu:
#  - [-0.010321623700898341, -0.9999130390983744, -0.008208430131825983, -0.03229554082192394],
#  - [0.008167014303598563, -0.008292892111799344, 0.9999322616146487, -0.026378657567605192],
#  - [-0.999913378229105, 0.010253886164477921, 0.008251900204441276, -0.03263380818421379],
#  - [0.0, 0.0, 0.0, 1.0]
#camera_model: pinhole
distortion_coefficients:
  rows: 1
  cols: 5
  data: [ 0.029762942995503135, -0.0835531221056956, 0.000913361749036359, 0.0029817041017012043, 0.0 ]

rostopic: /rgb/image
timeshift_cam_imu: 0.011837485927978519
