cam0:tau2
  cam_overlaps: [1]
  camera_model: pinhole
  distortion_coeffs: [-0.431640703150235, 0.17811649959498482, -0.0014905118708651568,
    -0.0011389876158246133]
  distortion_model: radtan
  intrinsics: [437.38861083256637, 437.29475745770907, 323.5284494924228, 256.36315482047905]
  resolution: [640, 512]
  rostopic: /thermal/image_raw
cam1:
  T_cn_cnm1:
  - [0.9999117397341355, 0.002936303473050537, 0.012957270691089122, 0.02284737993266349]
  - [-0.002938371484737371, 0.999995673097488, 0.00014056782332314203, -0.04897547901167786]
  - [-0.012956801876454241, -0.00017862869148840368, 0.9999160411639161, 0.033484737180487244]
  - [0.0, 0.0, 0.0, 1.0]
  cam_overlaps: [0]
  camera_model: pinhole
  distortion_coeffs: [0.029762942995503135, -0.0835531221056956, 0.000913361749036359,
    0.0029817041017012043]
  distortion_model: radtan
  intrinsics: [531.0787710720505, 530.9280349280389, 322.0434384516226, 239.58555406488455]
  resolution: [640, 480]
  rostopic: /rgb/image
