#cam0: https://sites.google.com/view/dgbicra2019-vivid
image_width: 640
image_height: 512
camera_name: cam1
distortion_model: plumb_bob
camera_matrix:
  rows: 3
  cols: 3
  data: [ 4.3679326051620444e+02, 0.0, 3.2326493701062276e+02, 0.0, 4.3678430973502941e+02, 2.5321948641876469e+02, 0.0, 0.0, 1.0]
#  T_cam_imu:
#  - [-0.010321623700898341, -0.9999130390983744, -0.008208430131825983, -0.03229554082192394]
#  - [0.008167014303598563, -0.008292892111799344, 0.9999322616146487, -0.026378657567605192]
#  - [-0.999913378229105, 0.010253886164477921, 0.008251900204441276, -0.03263380818421379]
#  - [0.0, 0.0, 0.0, 1.0]
#camera_model: pinhole
distortion_coefficients:
  rows: 1
  cols: 5
  data: [ -4.5181670993077577e-01, 2.4499392556783425e-01, -4.6997251298250004e-04, -1.0032486060078027e-03, -6.7656204286588292e-02]

rostopic: /thermal/image_raw
timeshift_cam_imu: 0.011837485927978519
