#cam0: https://sites.google.com/view/dgbicra2019-vivid
image_width: 640
image_height: 512
camera_name: cam1
distortion_model: plumb_bob
camera_matrix:
  rows: 3
  cols: 3
  data: [437.38861083256637, 0.0, 323.5284494924228, 0.0, 437.29475745770907, 256.36315482047905, 0.0, 0.0, 1.0]
#  T_cam_imu:
#  - [-0.010321623700898341, -0.9999130390983744, -0.008208430131825983, -0.03229554082192394]
#  - [0.008167014303598563, -0.008292892111799344, 0.9999322616146487, -0.026378657567605192]
#  - [-0.999913378229105, 0.010253886164477921, 0.008251900204441276, -0.03263380818421379]
#  - [0.0, 0.0, 0.0, 1.0]
#camera_model: pinhole
distortion_coefficients:
  rows: 1
  cols: 5
  data: [ -0.431640703150235, 0.17811649959498482, -0.0014905118708651568, -0.0011389876158246133, 0.0]

rostopic: /thermal/image_raw
timeshift_cam_imu: 0.011837485927978519
